1
2
3
4
5
6
7
8
9
10
11
12
13
14
15
16
17
18
19
20
21
22
23
24
25
26
27
28
29
30
31
32
33
34
35
36
37
38
39
40
41
42
43
12
44
26
45
46
47
48
49
50
51
52
39
53
54
55
56
57
58
52
59
60
61
62
63
6
64
48
65
66
67
68
69
70
8
71
72
73
74
75
76
77
78
17
79
78
80
81
82
2
1
10
83
84
59
85
36
86
3
87
88
40
89
90
1
29
91
20
31
9
37
92
93
94
95
96
72
97
98
99
100
101
8
102
103
73
104
105
106
107
8
108
109
110
106
111
112
56
113
114
41
53
39
115
116
117
6
104
110
118
119
120
45
14
48
121
27
86
47
19
122
123
124
88
125
126
78
127
128
81
111
7
129
12
130
77
131
132
52
131
133
134
40
135
85
136
103
137
138
109
106
139
46
140
86
127
141
83
35
65
142
61
143
144
145
44
130
146
75
116
147
67
64
148
2
136
149
102
150
2
151
62
12
152
153
73
147
93
119
154
155
66
156
14
3
107
157
158
41
7
159
5
64
144
1
62
160
145
112
126
161
47
76
31
153
41
162
156
162
163
164
124
165
107
62
133
3
128
166
156
76
1
167
15
81
141
139
168
19
72
52
100
131
169
170
171
172
173
123
174
57
175
45
53
31
176
177
178
114
179
158
180
104
181
182
152
150
57
183
8
23
121
184
57
101
185
10
175
56
53
94
186
45
28
138
135
182
66
31
187
73
188
2
18
77
77
177
78
54
61
189
57
190
144
76
109
25
191
187
86
6
192
30
119
119
131
193
145
194
115
110
195
120
145
145
31
50
49
196
197
91
64
26
101
192
198
71
199
200
201
90
42
202
4
72
191
7
129
68
103
4
11
28
21
122
75
29
203
53
173
150
204
135
50
205
140
206
207
208
132
85
77
59
209
210
55
161
46
211
146
96
140
201
34
35
181
43
212
156
10
75
207
26
61
5
199
58
177
149
130
157
127
104
157
25
32
213
9
73
214
135
34
192
43
40
165
95
14
13
57
31
40
193
165
204
36
39
52
137
26
188
215
186
82
177
2
216
35
48
217
66
84
204
218
104
10
135
103
190
219
47
31
220
71
212
90
180
34
220
108
207
46
141
135
109
71
3
221
40
59
181
165
222
8
202
20
222
76
13
92
62
223
27
159
211
119
195
193
29
205
83
101
161
137
224
72
51
135
225
214
169
97
226
14
173
227
21
200
141
53
185
180
129
129
131
161
187
105
68
47
188
202
13
9
205
187
124
190
190
127
156
26
62
127
212
19
174
221
22
182
117
90
160
81
179
74
166
50
32
182
228
138
229
35
100
104
230
62
200
97
57
2
130
16
222
36
215
50
216
134
158
203
4
27
227
12
101
229
49
135
8
170
188
143
131
231
177
210
7
232
66
40
41
45
86
69
30
49
69
201
220
233
72
34
63
4
1
116
159
61
47
4
195
234
76
171
140
78
128
8
54
91
94
24
217
4
120
174
225
93
123
222
201
138
98
235
12
1
73
28
93
192
176
87
103
116
216
6
198
20
21
149
34
12
24
172
227
14
225
49
171
180
223
221
130
45
19
236
95
234
31
200
134
40
32
17
110
193
115
10
237
161
225
40
124
238
175
188
239
30
37
35
209
95
49
193
150
236
136
140
83
188
100
63
240
173
13
199
226
241
69
75
6
132
8
231
227
68
143
132
242
59
29
194
113
2
146
124
216
39
98
170
78
215
216
210
87
192
134
142
15
161
86
162
136
63
232
134
17
142
205
124
226
67
222
243
8
133
24
85
228
67
153
171
135
8
166
233
107
88
149
99
218
17
244
188
121
77
102
166
100
164
30
155
141
245
155
186
32
61
149
171
80
69
42
50
136
246
217
51
247
195
134
169
239
51
144
62
2
248
68
23
175
244
180
194
197
184
96
240
224
58
209
63
188
80
214
120
193
158
44
232
208
113
53
247
54
17
157
133
199
73
231
51
245
173
153
52
52
93
44
110
187
29
28
132
244
44
146
233
190
166
40
248
21
240
158
71
248
63
36
87
184
27
125
41
128
137
54
29
24
25
186
4
106
164
102
196
79
231
116
138
156
80
19
16
180
167
87
39
212
50
139
117
82
159
64
248
98
220
157
191
69
239
163
50
216
10
124
82
249
12
228
115
15
20
90
246
233
47
230
51
140
185
42
249
83
248
84
246
146
92
176
144
33
84
250
167
1
63
56
250
233
24
53
46
73
108
161
196
56
32
200
34
219
218
163
230
7
251
185
25
7
33
89
152
165
74
40
89
215
227
221
181
148
152
13
53
140
54
193
73
216
192
134
162
207
27
252
129
223
25
230
136
152
223
164
15
45
194
33
118
105
88
253
6
226
105
85
161
208
250
155
128
4
55
65
216
1
180
124
244
147
136
178
42
71
102
233
235
240
133
203
29
181
212
246
107
33
170
10
198
51
15
86
223
183
45
133
218
106
25
251
1
29
135
157
154
84
76
246
90
188
121
29
36
159
176
100
152
247
132
196
148
83
28
130
34
70
134
253
66
21
119
177
150
13
161
245
77
234
180
158
228
134
80
80
232
6
185
188
24
84
168
66
184
129
174
230
231
14
144
200
85
51
180
205
101
22
82
185
31
51
169
107
254
246
240
44
75
124
51
216
15
33
193
35
197
125
168
194
202
13
148
56
149
182
85
242
214
5
95
101
225
227
65
68
195
179
136
218
134
74
40
9
235
156
207
214
170
217
7
16
167
112
153
172
209
198
228
46
73
139
226
216
190
251
110
126
119
235
126
181
250
253
172
157
91
111
6
192
86
39
243
103
2
98
91
213
84
60
132
248
250
32
182
36
115
19
184
16
5
89
185
185
13
137
205
191
88
16
164
133
228
180
19
203
246
15
191
14
184
110
153
2
94
91
75
78
152
251
44
95
184
194
164
13
151
154
30
195
128
153
122
105
108
215
68
79
71
186
80
162
12
163
2
118
103
145
234
81
107
184
49
71
17
26
190
2
234
154
209
150
184
20
68
162
54
27
37
52
82
167
179
79
229
153
21
188
147
138
196
176
142
72
135
76
186
227
216
130
139
122
18
222
51
152
82
88
10
234
147
214
85
158
86
238
130
143
55
106
132
237
249
3
235
187
62
136
101
110
156
154
125
151
197
255
117
66
44
19
173
132
104
147
140
117
141
50
224
187
138
83
176
3
52
209
117
239
3
238
195
49
8
233
231
56
43
146
184
127
113
99
36
61
122
106
236
33
187
188
141
256
106
170
97
132
8
80
130
158
177
71
229
107
39
58
53
87
17
82
36
115
26
230
68
221
173
170
11
241
92
46
41
74
29
54
27
76
173
206
53
148
111
130
128
104
17
26
56
176
101
151
154
230
195
73
151
46
12
214
234
67
125
61
251
120
209
8
136
247
5
23
54
156
212
150
118
55
19
147
61
163
57
208
46
181
144
6
154
21
186
94
183
224
90
238
246
128
179
209
208
87
194
116
247
19
111
204
203
226
173
36
214
214
242
216
23
218
85
122
199
155
35
92
187
223
102
196
155
183
226
103
74
248
225
153
140
126
252
162
63
235
107
103
166
230
116
195
202
220
254
188
41
120
13
43
202
253
148
153
128
155
15
91
51
156
128
8
232
15
214
247
186
24
202
191
194
117
197
45
132
122
164
19
152
192
71
3
240
223
214
100
43
192
19
118
56
135
39
178
159
220
170
168
234
227
66
157
180
110
20
37
117
222
231
112
229
243
42
15
64
37
192
156
227
50
185
78
37
246
25
146
245
60
139
209
212
109
40
229
210
6
172
115
23
204
63
255
112
15
20
74
135
106
137
36
237
190
126
201
140
227
124
81
15
192
9
177
180
188
76
107
124
49
183
53
69
21
105
161
185
14
206
43
200
1
142
251
210
51
60
98
198
180
30
59
103
72
175
18
148
3
189
201
86
251
18
219
50
129
59
236
23
76
114
40
139
130
62
20
224
23
94
137
34
230
30
212
242
2
107
96
116
132
243
251
246
28
90
55
96
27
38
72
66
130
192
214
2
58
35
172
32
81
203
93
206
53
79
162
43
14
63
60
193
183
79
256
39
43
15
7
194
72
225
206
8
41
255
79
216
218
77
107
205
207
70
29
163
27
176
89
172
88
75
109
241
239
139
22
38
249
5
197
19
142
142
196
111
248
31
36
245
73
187
241
113
174
130
113
114
59
201
217
104
180
227
135
38
242
22
193
21
61
57
167
205
141
69
178
189
31
69
61
167
234
243
41
219
152
60
202
163
9
204
169
256
43
62
144
50
23
22
203
251
92
90
206
47
71
34
75
185
149
109
247
237
56
223
153
72
228
26
15
163
88
180
8
174
238
172
106
77
1
96
170
16
104
166
235
140
112
15
100
248
10
48
149
214
171
247
47
154
118
51
198
183
25
57
256
174
177
236
45
90
108
27
132
40
245
62
44
122
192
201
45
22
178
219
63
25
11
170
115
84
15
105
252
228
214
90
53
41
106
103
141
45
197
119
96
50
149
4
79
128
6
171
229
95
180
222
195
159
57
10
172
235
230
139
151
59
230
26
230
196
163
4
176
34
39
94
93
162
18
108
34
208
168
7
34
105
247
17
140
96
80
107
31
250
219
252
176
68
131
167
69
238
129
11
250
200
167
239
96
165
56
241
12
184
235
161
195
94
150
186
239
210
43
70
107
61
56
187
98
63
233
142
109
135
256
158
163
49
77
254
47
36
237
132
227
250
21
29
255
69
36
117
14
30
222
116
43
80
199
24
242
250
180
145
187
117
63
59
101
141
236
190
203
21
174
141
152
230
198
168
123
180
62
60
44
51
135
185
153
190
163
34
232
147
12
115
222
225
229
18
158
235
160
47
195
105
174
91
26
157
148
144
34
13
92
241
153
128
181
199
30
79
230
157
165
200
156
237
202
76
165
117
160
82
158
37
204
107
141
58
217
4
30
220
170
186
165
209
235
29
225
139
140
130
68
225
203
226
238
223
92
219
181
193
22
31
26
148
144
196
211
130
232
30
116
22
163
166
176
136
166
149
179
245
35
134
117
176
181
219
120
144
237
143
91
217
22
181
136
176
201
81
104
2
143
15
242
52
188
11
6
25
16
141
79
212
116
133
105
228
209
147
67
253
17
198
26
174
182
41
146
201
122
158
7
187
45
68
237
26
135
192
44
18
90
163
186
200
142
66
40
74
121
71
221
213
193
74
147
244
41
44
251
197
205
126
83
232
25
32
135
35
179
94
68
183
185
148
42
41
185
227
14
71
146
148
60
249
127
52
84
118
208
184
37
206
96
76
17
225
187
9
188
102
172
35
64
107
208
195
169
223
134
44
161
134
244
88
70
223
181
221
6
242
244
118
76
245
213
9
134
113
208
113
30
12
21
141
39
72
127
111
228
63
100
195
237
127
117
160
49
171
50
29
48
153
38
9
33
72
232
167
114
102
186
200
86
245
42
127
40
86
70
130
151
234
78
77
150
151
142
108
36
134
15
196
45
147
87
80
165
228
170
178
196
93
93
9
160
73
185
72
51
183
113
198
98
122
205
15
138
194
17
83
42
180
56
216
166
135
255
7
41
6
170
164
14
235
105
83
162
196
242
87
47
223
198
129
207
176
145
79
107
226
119
90
187
171
67
159
130
54
76
22
250
96
21
95
178
115
248
101
85
219
231
161
204
9
77
232
5
193
231
80
184
241
138
100
23
67
51
59
183
114
230
170
166
186
37
201
127
214
38
80
142
27
209
142
161
175
183
74
90
19
69
14
213
204
228
222
162
194
153
29
255
175
68
7
161
198
43
217
109
221
131
113
123
60
201
178
103
199
193
170
251
64
177
176
193
155
127
206
135
167
142
180
53
29
64
90
172
99
244
93
60
41
178
67
145
10
220
212
6
49
215
220
140
164
113
59
239
9
234
201
73
238
77
62
111
30
237
229
136
1
239
152
175
165
21
11
155
182
26
178
196
250
145
9
241
212
228
61
182
40
254
12
8
13
180
155
212
188
94
185
2
243
168
81
57
192
26
55
175
49
28
144
176
4
220
60
8
129
118
28
14
46
216
38
250
10
34
230
129
52
33
193
222
6
6
244
203
253
83
176
134
116
124
126
105
108
97
219
53
191
224
25
29
172
156
46
91
232
125
188
6
50
13
180
197
244
224
2
155
165
111
29
124
152
78
31
156
214
161
75
16
189
236
79
228
89
222
83
123
165
4
185
52
213
138
119
18
174
124
41
127
12
191
216
94
182
145
216
198
12
63
18
208
143
46
220
25
176
74
1
124
171
165
166
137
140
154
155
252
33
68
15
234
236
251
176
32
256
55
131
165
221
27
229
205
112
209
255
41
73
40
30
113
218
120
205
188
20
245
145
120
253
82
177
121
6
238
126
225
203
4
51
37
132
228
69
62
123
103
163
161
241
186
191
14
124
197
197
8
107
185
24
220
232
60
176
124
169
239
199
16
195
31
121
151
45
240
13
6
127
180
211
16
234
200
74
123
129
66
15
225
129
103
138
223
207
17
45
99
186
51
231
4
210
180
197
27
242
80
99
83
18
69
34
159
33
138
147
144
4
159
71
135
92
114
233
170
127
192
176
1
181
91
35
204
136
200
233
175
242
121
81
156
108
47
122
213
9
1
49
163
220
67
210
25
254
20
17
67
104
45
207
38
42
124
204
170
146
69
73
196
100
241
193
17
254
144
94
102
210
76
219
62
77
130
173
187
184
70
103
171
111
230
188
61
233
38
253
96
166
157
242
121
10
220
123
198
13
68
25
138
117
209
168
34
187
56
141
22
88
114
36
15
173
227
188
126
211
64
136
107
150
136
89
113
67
109
204
162
15
239
223
228
213
209
5
107
223
248
195
170
153
26
92
13
16
123
155
117
52
189
249
250
197
142
26
159
148
137
38
216
52
118
215
52
54
150
161
154
132
83
33
182
207
219
10
17
217
39
123
4
104
21
17
85
225
44
170
163
115
16
115
11
101
140
67
244
98
52
38
152
152
129
167
17
134
91
82
195
29
13
252
215
149
136
169
204
10
199
186
70
118
228
39
202
232
77
81
212
245
87
208
147
94
81
218
52
26
152
173
32
25
113
245
58
43
27
202
215
220
180
251
138
161
240
86
109
106
5
207
68
249
70
74
38
120
119
7
216
162
177
193
113
5
46
99
165
82
13
99
78
157
122
132
80
58
10
173
166
152
155
146
73
130
16
11
149
250
156
134
170
191
26
221
147
252
183
199
186
147
90
204
103
129
74
33
68
168
201
111
155
90
79
51
215
83
16
90
201
230
201
59
190
139
122
174
32
1
15
50
194
156
23
182
46
213
138
105
235
127
237
200
99
24
15
249
33
230
136
153
210
33
232
24
5
18
18
38
25
89
116
78
215
43
11
140
211
163
187
97
30
92
59
54
124
249
144
54
123
196
39
241
251
80
160
69
228
48
137
173
156
179
27
230
25
142
213
22
35
16
252
10
80
92
45
114
133
128
59
167
135
169
95
247
121
6
108
52
25
51
38
16
114
50
162
216
119
191
86
132
181
82
27
40
144
122
165
25
185
77
127
155
164
216
192
255
203
49
31
41
28
151
71
112
202
98
42
55
231
140
116
237
26
88
206
105
150
26
173
220
53
186
89
252
100
187
171
253
100
142
63
122
131
179
184
35
192
28
208
176
86
84
243
160
238
201
48
131
133
164
33
72
31
128
54
154
136
163
236
189
101
165
64
215
197
222
175
35
14
205
123
111
197
229
19
184
59
149
49
192
17
221
35
103
64
145
220
107
199
149
70
210
192
60
197
80
53
221
41
84
170
192
222
168
204
165
75
10
251
188
28
41
29
91
96
209
185
253
244
215
217
251
36
153
130
210
198
200
12
77
110
62
151
240
109
223
248
181
45
241
225
60
235
207
169
85
99
245
17
150
86
113
118
102
178
208
115
64
196
218
4
126
1
19
90
82
164
5
17
8
238
75
141
118
5
142
75
45
167
159
12
87
202
181
20
78
145
108
104
60
40
113
234
230
47
95
102
148
48
24
15
173
169
104
124
46
87
184
76
19
174
208
121
234
96
223
132
179
164
143
110
118
139
233
154
25
175
17
126
136
78
44
111
93
31
101
21
155
18
163
6
23
202
254
13
252
198
225
241
130
211
61
65
146
56
29
204
70
238
134
199
168
78
15
161
50
206
126
217
101
197
179
149
145
129
77
188
11
3
256
95
195
69
79
115
226
169
121
77
113
230
94
198
243
14
144
86
157
71
5
148
130
166
156
131
193
58
112
33
132
104
194
6
151
169
210
219
70
242
34
68
114
161
38
162
88
239
37
188
102
81
253
153
9
92
109
165
247
254
101
213
150
30
7
226
135
132
161
145
35
164
247
74
248
67
181
146
1
87
88
26
239
185
90
246
129
41
59
91
42
64
236
160
160
102
81
244
236
172
80
105
106
3
56
17
195
16
91
199
218
182
32
214
27
231
132
216
28
158
95
236
196
24
77
220
95
187
145
89
219
87
206
195
133
8
61
249
74
59
118
67
118
220
242
151
186
85
188
179
120
49
28
209
12
38
95
206
101
64
199
89
55
150
64
201
107
11
214
179
254
22
23
213
64
60
184
20
81
188
42
72
77
99
46
24
234
223
40
220
146
206
226
253
111
96
93
207
133
46
207
217
112
214
103
4
134
228
31
236
237
15
103
165
83
77
17
242
142
139
151
25
34
196
31
143
80
246
109
212
140
129
109
156
180
41
221
208
221
110
17
171
243
187
73
228
248
5
186
94
154
252
204
63
177
185
111
157
208
225
204
159
94
57
117
227
158
246
218
159
166
104
30
66
197
166
219
175
31
94
142
27
254
169
131
42
149
168
201
142
56
16
23
77
178
43
3
104
205
97
11
7
139
66
217
247
73
67
250
53
75
248
181
133
144
103
248
215
50
91
146
82
213
201
4
42
109
158
49
147
113
19
191
37
89
86
112
33
35
254
29
209
109
63
116
146
235
147
1
74
75
196
23
107
190
37
98
20
73
153
39
93
59
27
48
114
216
158
79
52
172
202
207
61
234
123
212
169
115
230
103
162
88
122
225
141
256
97
215
73
254
32
100
65
88
117
55
112
222
162
83
53
3
220
168
101
8
244
82
176
238
248
255
31
34
242
72
70
98
117
108
15
217
182
160
83
32
233
86
179
22
220
61
119
225
256
156
202
232
254
99
193
154
81
236
123
123
12
115
147
153
44
97
250
121
193
138
106
246
122
17
148
75
31
7
162
206
226
13
154
200
126
80
129
10
88
150
246
185
111
105
62
50
205
79
132
74
173
87
26
116
172
28
99
143
40
78
132
32
137
115
191
207
103
208
251
234
203
128
120
244
146
126
77
120
31
168
221
111
145
162
83
155
162
204
131
157
97
75
23
255
30
192
178
66
65
58
116
103
232
125
56
80
145
194
99
9
100
30
33
28
229
41
203
161
250
203
154
166
140
241
96
182
163
31
36
222
49
158
197
82
134
107
49
245
208
193
203
64
223
5
148
86
112
171
125
189
111
122
92
163
56
11
42
40
102
221
233
254
72
106
91
205
57
70
173
114
97
211
226
21
71
223
128
211
33
69
236
43
222
199
125
24
190
71
64
108
27
207
54
150
223
143
54
200
71
106
31
71
132
168
97
24
43
197
107
208
192
251
182
124
223
116
93
166
19
255
213
177
74
205
89
102
62
97
112
22
124
152
229
91
60
198
136
81
143
87
56
40
86
33
250
86
172
51
166
183
158
25
202
8
100
193
114
212
12
220
150
191
55
134
129
175
246
132
93
233
169
151
235
206
26
140
124
100
134
144
40
234
195
232
226
235
96
69
150
79
32
104
112
63
247
179
181
128
149
31
185
156
100
203
1
7
105
233
121
104
71
72
12
230
249
50
92
188
123
19
219
5
66
26
82
113
37
177
245
82
70
169
231
189
216
80
144
1
162
124
54
119
63
91
52
10
223
194
101
154
73
220
158
152
242
140
194
136
45
181
8
130
91
57
123
213
97
105
181
161
163
131
78
97
224
153
59
71
106
40
80
41
70
239
3
106
214
240
200
51
124
35
40
41
148
44
208
73
196
31
203
95
160
250
214
78
223
132
80
231
159
162
79
246
75
234
151
164
113
215
86
40
169
239
25
103
185
233
13
14
97
104
229
254
83
188
142
177
151
118
180
155
97
32
248
84
38
108
41
80
149
125
121
242
231
214
107
58
71
238
208
232
37
3
88
56
6
208
245
16
83
202
101
65
255
105
47
122
235
169
34
42
37
144
65
118
120
198
35
75
2
142
33
254
56
162
145
197
235
34
165
143
129
4
63
208
81
190
221
192
155
151
57
11
125
231
125
156
152
77
36
59
209
28
45
240
8
255
225
48
67
77
202
180
229
247
11
250
183
213
151
168
4
129
216
182
188
118
124
79
250
78
128
245
226
227
87
78
2
129
168
227
240
116
189
201
170
133
59
162
55
33
232
178
111
214
95
135
214
114
67
188
172
139
34
163
213
241
198
103
85
201
24
37
155
42
186
139
3
29
11
171
233
139
253
199
63
126
100
108
56
189
41
171
168
185
153
108
148
105
191
31
147
46
254
184
55
214
157
93
40
255
129
25
42
21
23
33
7
153
12
214
114
128
8
139
51
211
25
248
54
170
212
9
116
141
249
18
208
68
123
122
232
36
64
25
141
177
235
19
21
194
45
232
234
14
149
139
219
153
209
13
205
176
40
195
217
102
95
151
141
82
48
105
176
111
59
17
87
97
15
180
19
179
51
69
192
253
217
200
84
240
184
9
76
200
50
2
191
250
20
116
223
192
21
85
40
81
168
29
122
104
122
3
106
222
203
157
168
195
121
225
89
223
248
146
31
113
125
129
252
210
29
38
204
168
36
77
172
206
95
13
108
218
86
147
154
211
47
188
39
33
179
210
173
79
222
15
233
54
254
3
144
169
225
56
142
207
17
173
107
73
158
201
39
215
71
85
85
73
133
67
85
147
85
63
163
22
179
245
217
247
138
214
34
152
10
151
53
96
65
124
148
242
123
233
254
171
168
250
191
191
39
13
210
157
53
109
132
238
200
6
111
1
131
179
171
56
3
233
5
74
243
149
113
172
1
105
3
79
194
14
37
112
94
94
128
60
163
1
18
9
53
175
242
238
85
129
200
61
124
63
96
233
159
200
161
58
167
93
150
171
77
172
203
210
71
18
255
192
129
161
172
105
196
121
245
154
47
41
54
188
147
219
166
7
171
219
163
73
162
197
130
11
223
178
3
216
208
65
162
225
47
153
70
236
106
195
251
73
86
144
169
122
44
203
145
227
116
44
169
181
32
227
215
225
95
179
152
225
20
1
242
255
219
37
82
52
60
202
224
47
153
177
60
73
101
186
55
12
189
167
57
162
90
139
216
215
166
242
61
144
162
140
64
231
115
237
81
195
217
73
50
188
117
53
85
142
215
227
68
195
143
241
136
65
43
170
235
111
89
57
114
112
71
247
191
133
23
37
151
34
59
199
29
85
149
114
101
35
200
180
135
52
21
68
217
83
46
141
247
144
245
99
165
239
18
140
10
177
39
164
198
239
29
93
163
111
252
1
21
49
129
110
246
185
167
103
116
149
125
17
92
45
129
56
41
179
127
120
217
150
123
68
251
81
97
118
45
154
119
55
126
230
51
117
193
170
221
54
20
97
98
14
17
240
35
7
2
199
191
198
193
48
238
66
42
85
205
94
114
85
210
127
165
15
175
44
191
170
24
57
159
213
56
196
235
225
188
113
212
254
150
163
86
162
14
51
236
130
173
42
247
188
83
75
195
150
219
190
214
81
177
255
150
203
1
73
105
1
104
50
34
245
113
183
45
2
178
244
149
238
110
183
168
169
194
192
141
46
13
251
76
87
179
173
158
239
184
56
234
116
44
224
99
170
78
25
239
95
46
81
246
33
149
156
62
164
227
155
193
195
200
104
244
252
168
101
89
4
160
222
90
100
54
22
117
40
156
146
224
52
171
150
170
188
51
213
95
173
152
80
46
46
228
200
32
3
76
175
249
14
188
100
55
90
244
169
177
109
136
11
5
222
195
208
132
22
55
127
230
145
67
147
62
181
227
99
22
216
150
188
163
212
16
96
71
98
91
233
33
138
240
129
208
154
210
215
118
124
203
7
201
223
16
225
112
154
57
234
18
120
54
133
251
12
69
150
165
3
48
1
194
88
214
208
145
91
180
236
245
231
151
90
126
213
215
83
169
24
14
66
156
189
150
28
194
97
70
202
239
113
158
149
87
16
110
107
211
139
61
220
146
148
119
76
36
86
225
21
1
168
157
191
104
57
43
172
152
198
251
226
201
30
91
111
5
58
117
244
91
81
229
40
201
151
79
4
247
133
120
197
158
145
47
241
185
227
248
36
237
245
97
255
109
104
55
65
252
159
224
26
44
212
227
144
212
111
203
108
160
239
188
126
26
247
109
29
242
137
133
174
4
116
170
24
129
204
194
54
108
235
178
177
196
7
56
220
110
49
154
117
207
131
6
77
138
253
200
78
48
41
142
244
207
162
222
177
220
36
104
7
155
243
108
107
95
152
52
64
130
35
46
10
154
225
46
131
7
39
83
138
226
187
234
182
201
144
88
255
88
83
135
74
57
10
147
106
253
206
37
81
51
218
192
44
81
2
233
194
46
214
35
241
35
85
179
83
183
150
222
99
170
99
95
19
198
14
58
63
200
19
216
173
224
214
251
143
161
193
187
46
32
167
240
145
33
247
162
117
9
68
207
163
229
212
31
30
229
54
97
122
101
51
251
195
245
73
138
9
170
112
104
126
191
171
142
228
107
143
221
20
156
253
112
236
134
244
107
196
214
6
198
65
54
90
175
58
43
205
106
21
254
105
219
112
192
124
96
177
70
159
64
86
46
67
253
186
38
175
210
235
24
169
229
236
44
175
102
49
230
218
207
71
147
154
26
54
107
9
80
90
213
36
30
222
40
135
158
128
111
187
237
17
214
88
46
39
94
183
226
178
244
11
190
186
81
214
93
157
86
193
181
72
236
109
46
195
152
237
213
239
75
205
44
44
72
128
97
12
156
117
26
147
129
214
33
227
181
38
204
197
129
134
121
157
108
133
25
189
218
44
120
142
193
38
66
41
190
116
182
194
109
152
43
74
141
127
18
156
111
228
55
11
157
20
150
94
147
1
8
251
53
5
77
53
211
59
212
165
57
241
152
106
93
215
17
168
15
82
194
118
251
210
228
144
189
229
240
204
251
224
100
28
7
195
78
107
217
103
36
178
100
2
215
66
216
19
96
7
144
254
233
117
29
184
195
127
93
187
220
75
254
74
140
1
219
148
167
27
216
128
44
129
21
18
95
223
41
249
12
21
237
27
97
229
98
242
236
148
191
121
256
76
186
106
2
117
185
227
175
148
99
248
215
221
232
216
23
13
221
147
196
168
193
119
190
113
78
56
137
116
188
19
144
248
172
179
76
75
55
85
100
177
37
96
6
22
125
18
110
244
100
144
45
162
189
237
247
110
162
101
30
235
68
92
217
38
109
98
171
1
106
197
154
20
210
7
256
190
192
149
242
16
153
233
189
140
201
3
172
54
224
27
183
34
21
57
253
241
34
85
46
28
159
114
6
108
223
190
180
122
228
9
243
88
35
147
31
239
26
57
132
155
200
189
97
132
81
95
54
21
199
85
3
110
109
9
213
94
111
94
245
231
204
95
136
60
239
186
162
65
162
134
200
224
184
150
110
181
52
226
29
131
245
101
18
77
173
4
209
242
151
241
156
221
97
62
144
105
7
124
168
250
32
221
118
17
247
222
71
181
163
221
69
103
162
168
3
136
234
120
56
60
251
45
48
30
107
3
229
210
25
186
13
108
174
32
46
142
101
10
215
14
218
104
247
147
230
255
20
119
165
92
181
166
138
134
186
9
170
203
241
124
34
86
169
104
51
53
63
196
197
115
113
251
199
116
59
208
22
107
178
190
131
217
66
92
40
151
85
150
161
1
180
225
216
250
86
254
115
141
244
94
144
83
122
55
39
114
205
241
151
31
153
23
65
237
65
96
151
71
192
124
210
89
147
250
176
75
55
81
248
14
253
147
150
197
112
3
58
138
168
82
242
172
215
161
218
134
171
241
41
147
232
48
185
139
188
54
244
206
158
228
190
125
79
9
157
35
144
221
94
76
59
178
172
163
202
18
131
36
155
49
26
90
225
73
213
225
20
178
39
255
26
118
139
43
73
53
93
125
201
166
207
187
214
1
199
172
118
136
208
194
37
182
161
56
194
91
68
94
166
11
253
253
202
101
2
62
217
256
246
164
83
20
178
165
94
183
100
207
30
190
110
160
146
148
240
137
150
241
158
237
17
159
153
188
139
181
74
92
112
79
234
162
203
256
171
249
26
119
173
240
163
109
219
234
127
107
26
104
90
174
29
152
171
26
249
48
207
120
57
24
197
232
130
115
1
221
145
24
136
2
98
67
27
30
52
243
81
169
228
178
98
123
207
64
12
120
165
65
100
115
96
174
84
185
40
26
245
239
217
115
222
115
111
215
102
44
7
73
187
113
192
54
194
66
91
218
86
171
136
170
159
49
183
132
83
234
235
163
213
157
202
126
93
231
195
180
20
121
176
52
132
183
242
237
220
142
66
187
44
216
63
112
111
215
185
157
143
27
186
155
101
127
8
197
228
55
196
171
182
198
51
209
250
188
10
187
159
79
121
163
236
37
243
253
88
235
251
95
236
79
118
223
68
91
17
134
120
238
44
129
73
198
224
150
246
235
47
139
255
253
175
192
154
127
28
192
217
150
105
22
140
47
189
229
196
39
158
90
224
124
110
128
183
73
183
225
62
39
60
164
206
57
200
238
119
11
97
164
70
254
213
188
216
47
165
240
137
83
222
83
151
14
71
248
31
10
78
56
219
232
125
124
54
149
62
84
169
85
10
153
141
224
124
115
191
182
201
211
140
186
123
227
184
154
106
178
166
183
187
35
243
213
195
185
59
114
160
115
4
237
42
256
247
84
85
232
228
127
84
242
242
99
206
87
46
22
22
90
77
106
163
168
25
92
94
227
58
35
105
234
52
139
163
63
94
100
70
102
151
43
180
191
89
247
63
232
202
73
9
47
232
26
190
45
71
244
228
52
80
86
49
106
58
191
145
111
246
168
244
44
31
133
115
55
67
96
171
12
113
159
84
181
1
12
123
137
27
209
228
142
12
21
205
89
213
15
101
59
1
214
150
85
143
231
224
7
154
164
4
234
92
189
212
34
174
6
116
116
145
117
194
146
244
100
78
8
232
231
185
31
203
118
121
38
21
202
210
225
52
180
221
118
74
105
135
213
53
238
231
30
140
25
240
199
141
78
78
182
128
77
63
44
70
132
205
156
236
176
3
29
3
62
183
209
66
43
42
72
188
63
97
199
68
98
170
45
195
96
74
45
82
109
2
46
39
248
255
153
215
228
39
59
196
38
46
13
169
118
251
200
69
198
158
98
176
39
195
221
9
147
60
159
147
182
234
177
249
75
1
22
246
30
101
255
70
230
19
58
195
36
131
51
74
96
181
99
239
27
191
240
201
192
42
256
142
180
196
251
210
92
63
213
215
139
103
73
175
80
81
246
31
173
230
21
242
11
170
251
86
73
10
196
16
178
184
98
230
47
134
100
39
29
48
62
187
104
200
192
134
157
146
20
104
42
72
239
61
49
246
92
79
126
224
124
79
245
29
185
68
28
224
35
33
100
19
157
2
191
173
55
232
188
38
203
109
5
91
91
208
223
31
215
208
243
231
203
209
166
19
85
90
84
235
79
123
165
156
212
5
156
183
171
65
201
196
76
76
116
16
174
220
88
183
244
98
175
174
60
132
179
83
174
81
87
245
250
230
126
85
160
16
245
51
73
133
158
248
98
18
172
168
173
214
216
114
211
240
105
195
106
60
77
35
129
186
70
38
65
245
24
227
36
113
139
191
234
104
121
35
156
21
31
221
2
20
12
98
119
23
41
2
67
218
95
150
92
234
60
73
146
234
186
191
148
95
95
99
145
102
113
165
33
184
129
138
46
29
96
163
8
65
135
236
155
20
32
254
113
110
190
250
75
97
136
90
236
128
204
81
245
46
139
72
179
18
128
65
163
126
175
2
81
250
74
157
168
138
65
99
123
58
231
211
72
231
139
161
245
179
227
244
2
85
122
177
54
215
239
5
72
54
148
24
190
54
255
9
48
205
142
240
51
86
121
74
47
23
75
231
67
203
250
204
195
20
90
172
163
10
25
22
30
80
88
52
127
83
95
155
206
2
142
109
109
126
236
186
29
79
94
31
120
76
35
117
157
34
31
69
63
10
38
133
93
85
98
122
29
210
251
102
192
239
34
39
147
75
205
175
155
77
83
159
87
245
1
5
61
11
227
229
176
242
199
50
65
192
38
101
245
131
58
116
204
138
37
171
240
34
45
87
64
210
30
48
197
146
201
117
31
31
15
64
81
129
125
138
65
183
224
19
118
102
41
3
101
147
231
126
66
21
130
228
132
117
143
46
82
61
125
191
72
106
122
51
256
70
27
62
165
14
123
28
241
207
80
181
61
104
80
60
38
32
2
110
58
138
84
97
151
254
85
54
28
97
100
60
142
234
86
40
220
60
224
151
18
220
228
156
224
95
212
176
98
236
111
8
192
108
255
234
124
35
38
63
179
194
154
65
6
85
74
7
116
69
181
76
175
223
61
108
211
194
50
147
246
34
109
197
221
90
170
244
40
227
182
76
173
156
33
159
34
110
113
207
12
251
183
118
117
184
108
184
224
139
20
242
89
10
16
177
2
107
256
30
149
230
211
128
74
228
134
131
156
158
133
58
171
169
249
231
141
211
173
109
105
194
232
172
198
207
200
144
242
55
251
163
98
95
11
192
241
44
27
8
59
137
65
67
251
187
4
109
155
130
214
188
180
49
28
45
198
141
178
237
106
175
103
129
63
94
160
30
238
212
146
35
27
110
245
212
124
98
221
244
192
104
98
51
174
220
180
210
220
14
9
137
228
146
194
143
252
16
94
13
59
223
106
128
147
192
51
79
47
24
133
92
10
152
12
103
156
172
247
4
150
8
61
133
78
77
80
8
122
182
216
110
210
154
131
85
138
70
85
175
239
121
225
201
154
156
69
164
249
128
6
189
108
117
233
196
165
47
21
126
60
9
244
5
94
30
49
48
243
146
137
30
126
110
124
11
111
210
5
57
153
115
137
117
123
164
83
189
116
171
150
122
203
97
168
163
26
110
120
197
169
57
12
147
88
150
254
57
71
227
51
244
207
204
241
234
64
125
222
20
253
159
153
64
82
226
233
148
222
41
254
25
112
143
116
156
85
29
62
29
127
91
234
43
205
154
55
211
134
118
124
184
221
180
208
109
96
73
227
165
180
177
76
216
93
241
172
145
215
73
71
159
48
87
38
172
188
14
222
13
176
206
184
136
92
121
122
202
139
224
90
42
98
206
232
178
34
118
131
28
181
38
124
146
1
166
250
5
191
134
204
66
16
21
67
29
253
26
12
139
49
185
158
161
87
230
172
172
183
125
10
153
53
244
154
44
190
80
205
151
240
154
136
76
1
137
133
84
46
240
167
84
123
210
214
202
48
13
124
62
78
250
110
115
153
91
13
42
56
87
7
12
131
9
187
152
119
60
63
178
226
227
185
145
101
115
230
101
26
71
140
32
95
161
143
51
177
193
46
175
131
96
110
227
99
86
141
4
198
133
235
3
178
202
184
59
256
68
73
218
102
139
128
28
99
211
101
79
24
155
173
73
53
213
109
28
72
180
2
47
132
2
45
99
97
246
244
248
26
67
108
215
254
68
26
5
127
70
136
82
190
80
153
145
83
180
9
149
107
131
247
212
34
152
213
40
240
142
68
81
120
208
37
195
133
2
190
95
150
89
47
6
255
172
131
40
200
107
187
139
61
119
117
226
30
218
103
126
250
115
134
145
10
170
10
231
246
214
129
193
36
55
99
57
22
216
204
242
56
34
1
18
14
243
246
53
232
202
44
162
110
128
108
143
124
82
109
126
191
117
253
81
68
75
73
134
134
92
124
238
81
70
38
19
189
6
181
146
80
175
123
125
29
223
123
154
56
163
48
246
222
177
223
102
123
183
199
250
246
211
233
238
151
218
106
53
154
225
86
123
38
241
159
134
63
152
205
244
194
107
169
58
157
21
42
136
204
103
103
100
99
58
22
201
157
225
144
238
198
235
59
135
190
254
156
232
124
225
171
115
102
207
84
135
140
66
222
99
29
172
237
139
122
238
152
180
10
208
53
145
1
65
240
217
66
120
182
180
142
87
143
160
158
185
66
215
165
185
84
200
58
155
27
102
8
3
140
117
95
108
62
71
74
154
70
26
122
19
124
60
220
153
26
224
256
23
79
138
42
92
197
192
12
136
138
169
130
136
117
71
224
226
226
244
17
65
203
176
60
190
218
38
206
31
164
189
99
141
91
172
23
77
104
153
120
169
113
137
229
170
232
50
236
173
167
227
231
180
156
54
181
86
188
50
49
64
2
187
101
25
71
149
68
115
234
81
102
11
225
63
105
56
200
145
183
46
116
200
170
10
210
59
190
223
193
91
103
69
204
174
90
197
190
177
171
63
199
220
59
123
187
168
174
59
139
5
144
255
55
66
39
167
180
8
125
158
113
202
207
68
208
220
62
237
71
23
115
20
46
116
177
199
140
59
2
218
25
102
232
210
69
70
182
68
95
202
210
39
182
179
193
93
184
248
19
51
39
254
199
116
253
109
94
12
227
180
109
35
155
161
29
23
216
23
255
132
140
26
110
152
128
213
211
231
25
160
130
146
232
165
103
232
9
116
114
39
71
140
197
250
60
168
133
35
231
25
50
27
77
146
194
210
212
155
241
45
249
183
70
85
181
39
162
92
83
106
7
28
63
140
186
157
183
126
45
107
130
1
149
145
18
9
91
107
78
41
223
113
129
241
79
212
204
215
10
211
148
142
24
136
167
40
64
118
123
169
52
140
69
199
173
214
8
247
206
198
174
23
76
28
246
55
256
56
147
11
162
50
78
145
244
20
56
148
188
157
139
222
126
189
67
94
26
181
114
121
50
165
77
86
198
112
124
88
228
185
23
87
19
90
214
133
89
110
96
181
128
230
44
54
219
198
3
244
44
253
241
193
238
155
214
24
96
227
101
73
235
66
218
247
202
61
189
150
114
124
226
155
250
20
100
132
156
223
33
219
128
121
196
90
158
223
138
167
47
198
84
81
87
72
148
20
218
37
37
165
186
123
131
218
156
184
40
131
74
103
205
187
69
140
86
19
245
233
14
67
51
63
22
231
176
117
153
100
72
190
49
56
255
76
179
154
19
55
247
151
95
165
178
129
28
88
57
202
136
41
250
79
197
7
239
250
72
190
127
55
237
38
233
222
202
13
26
231
214
51
113
19
58
93
71
91
193
171
2
143
126
224
179
235
150
186
14
23
125
166
225
235
239
184
221
5
33
218
8
169
204
240
134
186
24
71
237
182
49
16
52
38
164
153
187
225
199
22
18
163
107
38
174
182
78
180
139
182
86
130
183
182
159
101
20
237
49
249
194
166
50
89
107
15
160
151
225
215
206
154
107
193
176
15
165
228
256
181
95
155
168
169
85
130
233
160
174
120
94
173
144
92
6
57
110
61
241
85
145
148
98
148
94
75
101
120
79
192
177
126
140
107
134
171
145
67
170
148
222
192
115
139
116
185
65
31
135
253
89
181
147
80
95
99
187
209
198
85
189
109
26
177
125
227
169
16
120
152
43
121
39
73
166
145
236
84
55
170
175
121
86
245
86
37
45
156
140
247
233
150
71
6
173
139
212
211
193
118
26
26
230
173
91
80
57
224
216
80
19
75
88
77
238
1
10
98
255
158
196
81
178
10
212
214
178
171
172
15
141
67
81
221
127
37
201
182
245
170
77
69
78
154
119
55
156
226
139
119
177
167
101
20
148
66
230
140
238
146
208
255
125
97
111
203
67
113
209
228
179
139
215
223
94
206
122
45
90
206
54
255
251
116
50
209
138
4
215
152
190
57
96
53
211
231
183
76
138
108
223
212
84
7
216
57
29
31
41
128
142
201
100
164
151
70
119
170
239
182
7
116
10
3
158
48
183
130
16
163
196
209
227
255
97
21
102
94
12
73
95
243
29
218
79
146
114
138
98
74
177
210
145
249
230
212
192
116
127
121
105
47
147
20
52
103
51
65
255
51
126
9
17
134
145
97
17
217
187
16
185
169
27
142
149
45
236
32
189
7
107
79
174
134
9
213
112
217
70
80
95
44
134
243
64
193
103
158
89
67
5
158
253
108
205
138
253
195
121
214
9
62
30
252
229
251
56
48
103
149
222
84
238
54
222
113
145
87
52
110
40
66
119
9
5
67
162
56
137
59
20
88
201
56
192
110
187
113
67
26
11
59
110
3
100
75
103
56
203
4
32
12
17
13
109
191
201
104
233
8
14
109
110
97
171
38
239
103
132
34
128
56
123
164
220
20
210
199
167
160
141
52
102
136
165
41
107
195
247
106
232
197
110
54
246
28
50
81
165
64
35
175
182
166
219
185
167
128
183
135
253
17
240
13
131
50
226
89
201
80
108
212
151
187
133
97
151
185
184
146
90
45
248
171
50
242
2
236
219
113
116
135
87
42
209
99
200
73
83
147
6
62
118
222
74
221
81
107
147
111
225
236
241
138
29
61
249
214
76
246
28
90
164
179
32
79
221
104
164
95
72
243
147
201
201
225
101
6
218
190
13
61
103
90
43
132
254
106
194
220
202
97
196
126
200
192
90
192
72
47
19
14
67
18
142
134
46
167
237
207
84
235
199
158
152
223
124
71
184
230
116
115
207
88
102
249
110
191
247
23
105
83
242
56
183
53
44
40
34
214
118
236
219
34
59
200
9
208
109
8
146
95
127
222
200
182
45
48
158
22
159
144
158
175
159
215
249
68
127
70
171
3
124
238
8
214
23
249
32
54
79
254
46
209
215
30
149
211
37
100
238
38
123
76
128
130
254
237
232
162
144
71
6
132
1
61
93
118
11
38
44
138
245
60
80
246
208
82
14
229
99
29
141
64
178
66
68
99
232
235
44
36
134
171
193
195
138
69
225
51
17
69
114
75
160
129
162
218
157
206
152
29
100
205
9
132
69
163
9
107
248
206
16
79
159
149
6
128
27
70
169
96
48
38
151
23
157
255
174
180
113
111
26
104
95
171
83
2
44
65
164
216
192
116
195
14
19
214
182
4
7
227
158
92
123
215
36
235
176
203
243
14
80
99
65
164
208
170
113
254
84
254
111
213
138
15
252
54
201
6
190
118
113
240
100
20
139
47
137
240
144
67
93
247
153
150
246
83
146
106
194
209
86
204
191
209
63
151
114
111
44
216
180
37
81
248
172
218
244
31
30
15
10
67
198
123
249
185
248
48
128
212
252
231
248
13
37
243
94
137
240
204
181
86
136
113
214
167
80
169
104
120
132
138
238
66
87
100
160
208
2
254
113
48
64
211
141
87
201
19
228
247
242
164
234
7
179
70
233
126
214
248
180
190
129
236
227
31
238
166
231
11
239
248
23
29
11
146
128
177
171
186
45
24
20
32
134
209
182
97
82
92
107
144
248
187
24
175
129
234
103
10
193
232
248
215
131
185
239
108
90
186
217
222
173
89
118
196
34
9
80
65
191
61
54
164
128
69
75
228
83
199
90
185
236
236
179
145
76
198
100
216
88
221
72
63
11
56
177
112
75
22
208
48
25
25
104
25
231
44
31
29
219
146
80
220
176
251
251
58
34
139
182
218
83
38
4
144
102
67
55
87
166
44
252
98
72
235
50
153
207
111
97
221
153
192
256
135
179
75
78
209
29
197
39
228
89
29
231
249
98
68
227
1
49
37
46
254
87
180
224
45
5
23
144
29
59
225
224
83
10
119
8
125
101
225
194
211
169
143
232
171
149
131
53
157
178
57
196
64
42
13
27
85
143
19
98
183
114
30
47
105
144
209
147
141
148
104
6
165
227
59
13
125
251
196
72
6
132
214
116
61
119
219
195
225
237
217
2
42
163
21
138
78
142
133
196
96
25
99
167
159
132
165
73
125
233
164
220
62
242
99
2
60
92
85
141
184
184
178
177
127
142
61
115
30
24
40
109
100
228
141
146
231
125
52
171
176
243
177
114
86
149
195
69
160
73
121
81
94
219
241
184
176
26
50
165
99
25
126
118
16
139
48
98
170
166
181
35
85
178
70
165
4
35
78
71
134
41
172
41
21
218
184
170
139
247
181
178
113
2
68
107
161
219
112
192
58
53
147
82
155
19
81
27
193
155
181
234
4
194
82
179
103
84
66
134
172
248
114
72
115
113
102
137
163
104
255
89
114
127
142
158
13
93
102
213
5
202
52
15
154
224
246
138
62
242
128
24

1	256	9273	9996	
===============================================================================
All tests passed (6 assertions in 1 test case)

